INFORMAÇÕES DO GUI
Instante de tempo (dT)0
[(0,1,3,4.9,4,-1,0);(1,1,3,7.1,4,1,0);]
Instante de tempo (dT)1
[(0,1,3,4.8,4,-1,0);(1,1,3,7.2,4,1,0);]
Instante de tempo (dT)2
[(0,1,3,4.7,4,-1,0);(1,1,3,7.3,4,1,0);]
Instante de tempo (dT)3
[(0,1,3,4.6,4,-1,0);(1,1,3,7.4,4,1,0);]
Instante de tempo (dT)4
[(0,1,3,4.5,4,-1,0);(1,1,3,7.5,4,1,0);]
Instante de tempo (dT)5
[(0,1,3,4.4,4,-1,0);(1,1,3,7.6,4,1,0);]
Instante de tempo (dT)6
[(0,1,3,4.3,4,-1,0);(1,1,3,7.7,4,1,0);]
Instante de tempo (dT)7
[(0,1,3,4.2,4,-1,0);(1,1,3,7.8,4,1,0);]
Instante de tempo (dT)8
[(0,1,3,4.1,4,-1,0);(1,1,3,7.9,4,1,0);]
Instante de tempo (dT)9
[(0,1,3,4,4,-1,0);(1,1,3,8,4,1,0);]
Instante de tempo (dT)10
[(0,1,3,3.9,4,-1,0);(1,1,3,8.1,4,1,0);]
Instante de tempo (dT)11
[(0,1,3,3.8,4,-1,0);(1,1,3,8.2,4,1,0);]
Instante de tempo (dT)12
[(0,1,3,3.7,4,-1,0);(1,1,3,8.3,4,1,0);]
Instante de tempo (dT)13
[(0,1,3,3.6,4,-1,0);(1,1,3,8.4,4,1,0);]
Instante de tempo (dT)14
[(0,1,3,3.5,4,-1,0);(1,1,3,8.5,4,1,0);]
Instante de tempo (dT)15
[(0,1,3,3.4,4,-1,0);(1,1,3,8.6,4,1,0);]
Instante de tempo (dT)16
[(0,1,3,3.3,4,-1,0);(1,1,3,8.7,4,1,0);]
Instante de tempo (dT)17
[(0,1,3,3.2,4,-1,0);(1,1,3,8.8,4,1,0);]
Instante de tempo (dT)18
[(0,1,3,3.1,4,-1,0);(1,1,3,8.9,4,1,0);]
Instante de tempo (dT)19
[(0,1,3,3,4,-1,0);(1,1,3,9,4,1,0);]
Instante de tempo (dT)20
[(0,1,3,2.9,4,-1,0);(1,1,3,9.1,4,1,0);]
Instante de tempo (dT)21
[(0,1,3,2.8,4,-1,0);(1,1,3,9.2,4,1,0);]
Instante de tempo (dT)22
[(0,1,3,2.7,4,-1,0);(1,1,3,9.3,4,1,0);]
Instante de tempo (dT)23
[(0,1,3,2.6,4,-1,0);(1,1,3,9.4,4,1,0);]
Instante de tempo (dT)24
[(0,1,3,2.5,4,-1,0);(1,1,3,9.5,4,1,0);]
Instante de tempo (dT)25
[(0,1,3,2.4,4,-1,0);(1,1,3,9.6,4,1,0);]
Instante de tempo (dT)26
[(0,1,3,2.3,4,-1,0);(1,1,3,9.7,4,1,0);]
Instante de tempo (dT)27
[(0,1,3,2.2,4,-1,0);(1,1,3,9.8,4,1,0);]
Instante de tempo (dT)28
[(0,1,3,2.1,4,-1,0);(1,1,3,9.9,4,1,0);]
Instante de tempo (dT)29
[(0,1,3,2,4,-1,0);(1,1,3,10,4,1,0);]
Instante de tempo (dT)30
[(0,1,3,1.9,4,-1,0);(1,1,3,10.1,4,1,0);]
Instante de tempo (dT)31
[(0,1,3,1.8,4,-1,0);(1,1,3,10.2,4,1,0);]
Instante de tempo (dT)32
[(0,1,3,1.7,4,-1,0);(1,1,3,10.3,4,1,0);]
Instante de tempo (dT)33
[(0,1,3,1.6,4,-1,0);(1,1,3,10.4,4,1,0);]
Instante de tempo (dT)34
[(0,1,3,1.5,4,-1,0);(1,1,3,10.5,4,1,0);]
Instante de tempo (dT)35
[(0,1,3,1.4,4,-1,0);(1,1,3,10.6,4,1,0);]
Instante de tempo (dT)36
[(0,1,3,1.3,4,-1,0);(1,1,3,10.7,4,1,0);]
Instante de tempo (dT)37
[(0,1,3,1.2,4,-1,0);(1,1,3,10.8,4,1,0);]
Instante de tempo (dT)38
[(0,1,3,1.1,4,-1,0);(1,1,3,10.9,4,1,0);]
Instante de tempo (dT)39
[(0,1,3,1,4,-1,0);(1,1,3,11,4,1,0);]
Instante de tempo (dT)40
[(0,1,3,0.9,4,1,0);(1,1,3,11.1,4,1,0);]
Instante de tempo (dT)41
[(0,1,3,1,4,1,0);(1,1,3,11.2,4,1,0);]
Instante de tempo (dT)42
[(0,1,3,1.1,4,1,0);(1,1,3,11.3,4,1,0);]
Instante de tempo (dT)43
[(0,1,3,1.2,4,1,0);(1,1,3,11.4,4,1,0);]
Instante de tempo (dT)44
[(0,1,3,1.3,4,1,0);(1,1,3,11.5,4,1,0);]
Instante de tempo (dT)45
[(0,1,3,1.4,4,1,0);(1,1,3,11.6,4,1,0);]
Instante de tempo (dT)46
[(0,1,3,1.5,4,1,0);(1,1,3,11.7,4,1,0);]
Instante de tempo (dT)47
[(0,1,3,1.6,4,1,0);(1,1,3,11.8,4,1,0);]
Instante de tempo (dT)48
[(0,1,3,1.7,4,1,0);(1,1,3,11.9,4,1,0);]
Instante de tempo (dT)49
[(0,1,3,1.8,4,1,0);(1,1,3,12,4,1,0);]
Instante de tempo (dT)50
[(0,1,3,1.9,4,1,0);(1,1,3,12.1,4,1,0);]
Instante de tempo (dT)51
[(0,1,3,2,4,1,0);(1,1,3,12.2,4,1,0);]
Instante de tempo (dT)52
[(0,1,3,2.1,4,1,0);(1,1,3,12.3,4,1,0);]
Instante de tempo (dT)53
[(0,1,3,2.2,4,1,0);(1,1,3,12.4,4,1,0);]
Instante de tempo (dT)54
[(0,1,3,2.3,4,1,0);(1,1,3,12.5,4,1,0);]
Instante de tempo (dT)55
[(0,1,3,2.4,4,1,0);(1,1,3,12.6,4,1,0);]
Instante de tempo (dT)56
[(0,1,3,2.5,4,1,0);(1,1,3,12.7,4,1,0);]
Instante de tempo (dT)57
[(0,1,3,2.6,4,1,0);(1,1,3,12.8,4,1,0);]
Instante de tempo (dT)58
[(0,1,3,2.7,4,1,0);(1,1,3,12.9,4,1,0);]
Instante de tempo (dT)59
[(0,1,3,2.8,4,1,0);(1,1,3,13,4,1,0);]
Instante de tempo (dT)60
[(0,1,3,2.9,4,1,0);(1,1,3,13.1,4,1,0);]
Instante de tempo (dT)61
[(0,1,3,3,4,1,0);(1,1,3,13.2,4,1,0);]
Instante de tempo (dT)62
[(0,1,3,3.1,4,1,0);(1,1,3,13.3,4,1,0);]
Instante de tempo (dT)63
[(0,1,3,3.2,4,1,0);(1,1,3,13.4,4,1,0);]
Instante de tempo (dT)64
[(0,1,3,3.3,4,1,0);(1,1,3,13.5,4,1,0);]
Instante de tempo (dT)65
[(0,1,3,3.4,4,1,0);(1,1,3,13.6,4,1,0);]
Instante de tempo (dT)66
[(0,1,3,3.5,4,1,0);(1,1,3,13.7,4,1,0);]
Instante de tempo (dT)67
[(0,1,3,3.6,4,1,0);(1,1,3,13.8,4,1,0);]
Instante de tempo (dT)68
[(0,1,3,3.7,4,1,0);(1,1,3,13.9,4,1,0);]
Instante de tempo (dT)69
[(0,1,3,3.8,4,1,0);(1,1,3,14,4,1,0);]
Instante de tempo (dT)70
[(0,1,3,3.9,4,1,0);(1,1,3,14.1,4,1,0);]
Instante de tempo (dT)71
[(0,1,3,4,4,1,0);(1,1,3,14.2,4,1,0);]
Instante de tempo (dT)72
[(0,1,3,4.1,4,1,0);(1,1,3,14.3,4,1,0);]
Instante de tempo (dT)73
[(0,1,3,4.2,4,1,0);(1,1,3,14.4,4,1,0);]
Instante de tempo (dT)74
[(0,1,3,4.3,4,1,0);(1,1,3,14.5,4,1,0);]
Instante de tempo (dT)75
[(0,1,3,4.4,4,1,0);(1,1,3,14.6,4,1,0);]
Instante de tempo (dT)76
[(0,1,3,4.5,4,1,0);(1,1,3,14.7,4,1,0);]
Instante de tempo (dT)77
[(0,1,3,4.6,4,1,0);(1,1,3,14.8,4,1,0);]
Instante de tempo (dT)78
[(0,1,3,4.7,4,1,0);(1,1,3,14.9,4,1,0);]
Instante de tempo (dT)79
[(0,1,3,4.8,4,1,0);(1,1,3,15,4,1,0);]
Instante de tempo (dT)80
[(0,1,3,4.9,4,1,0);(1,1,3,15.1,4,1,0);]
Instante de tempo (dT)81
[(0,1,3,5,4,1,0);(1,1,3,15.2,4,1,0);]
Instante de tempo (dT)82
[(0,1,3,5.1,4,1,0);(1,1,3,15.3,4,1,0);]
Instante de tempo (dT)83
[(0,1,3,5.2,4,1,0);(1,1,3,15.4,4,1,0);]
Instante de tempo (dT)84
[(0,1,3,5.3,4,1,0);(1,1,3,15.5,4,1,0);]
Instante de tempo (dT)85
[(0,1,3,5.4,4,1,0);(1,1,3,15.6,4,1,0);]
Instante de tempo (dT)86
[(0,1,3,5.5,4,1,0);(1,1,3,15.7,4,1,0);]
Instante de tempo (dT)87
[(0,1,3,5.6,4,1,0);(1,1,3,15.8,4,1,0);]
Instante de tempo (dT)88
[(0,1,3,5.7,4,1,0);(1,1,3,15.9,4,1,0);]
Instante de tempo (dT)89
[(0,1,3,5.8,4,1,0);(1,1,3,16,4,1,0);]
Instante de tempo (dT)90
[(0,1,3,5.9,4,1,0);(1,1,3,16.1,4,1,0);]
Instante de tempo (dT)91
[(0,1,3,6,4,1,0);(1,1,3,16.2,4,1,0);]
Instante de tempo (dT)92
[(0,1,3,6.1,4,1,0);(1,1,3,16.3,4,1,0);]
Instante de tempo (dT)93
[(0,1,3,6.2,4,1,0);(1,1,3,16.4,4,1,0);]
Instante de tempo (dT)94
[(0,1,3,6.3,4,1,0);(1,1,3,16.5,4,1,0);]
Instante de tempo (dT)95
[(0,1,3,6.4,4,1,0);(1,1,3,16.6,4,1,0);]
Instante de tempo (dT)96
[(0,1,3,6.5,4,1,0);(1,1,3,16.7,4,1,0);]
Instante de tempo (dT)97
[(0,1,3,6.6,4,1,0);(1,1,3,16.8,4,1,0);]
Instante de tempo (dT)98
[(0,1,3,6.7,4,1,0);(1,1,3,16.9,4,1,0);]
Instante de tempo (dT)99
[(0,1,3,6.8,4,1,0);(1,1,3,17,4,1,0);]
Instante de tempo (dT)100
[(0,1,3,6.9,4,1,0);(1,1,3,17.1,4,1,0);]
Instante de tempo (dT)101
[(0,1,3,7,4,1,0);(1,1,3,17.2,4,1,0);]
Instante de tempo (dT)102
[(0,1,3,7.1,4,1,0);(1,1,3,17.3,4,1,0);]
Instante de tempo (dT)103
[(0,1,3,7.2,4,1,0);(1,1,3,17.4,4,1,0);]
Instante de tempo (dT)104
[(0,1,3,7.3,4,1,0);(1,1,3,17.5,4,1,0);]
Instante de tempo (dT)105
[(0,1,3,7.4,4,1,0);(1,1,3,17.6,4,1,0);]
Instante de tempo (dT)106
[(0,1,3,7.5,4,1,0);(1,1,3,17.7,4,1,0);]
Instante de tempo (dT)107
[(0,1,3,7.6,4,1,0);(1,1,3,17.8,4,1,0);]
Instante de tempo (dT)108
[(0,1,3,7.7,4,1,0);(1,1,3,17.9,4,1,0);]
Instante de tempo (dT)109
[(0,1,3,7.8,4,1,0);(1,1,3,18,4,1,0);]
Instante de tempo (dT)110
[(0,1,3,7.9,4,1,0);(1,1,3,18.1,4,1,0);]
Instante de tempo (dT)111
[(0,1,3,8,4,1,0);(1,1,3,18.2,4,1,0);]
Instante de tempo (dT)112
[(0,1,3,8.1,4,1,0);(1,1,3,18.3,4,1,0);]
Instante de tempo (dT)113
[(0,1,3,8.2,4,1,0);(1,1,3,18.4,4,1,0);]
Instante de tempo (dT)114
[(0,1,3,8.3,4,1,0);(1,1,3,18.5,4,1,0);]
Instante de tempo (dT)115
[(0,1,3,8.4,4,1,0);(1,1,3,18.6,4,1,0);]
Instante de tempo (dT)116
[(0,1,3,8.5,4,1,0);(1,1,3,18.7,4,1,0);]
Instante de tempo (dT)117
[(0,1,3,8.6,4,1,0);(1,1,3,18.8,4,1,0);]
Instante de tempo (dT)118
[(0,1,3,8.7,4,1,0);(1,1,3,18.9,4,1,0);]
Instante de tempo (dT)119
[(0,1,3,8.8,4,1,0);(1,1,3,19,4,1,0);]
Instante de tempo (dT)120
[(0,1,3,8.9,4,1,0);(1,1,3,19.1,4,1,0);]
Instante de tempo (dT)121
[(0,1,3,9,4,1,0);(1,1,3,19.2,4,1,0);]
Instante de tempo (dT)122
[(0,1,3,9.1,4,1,0);(1,1,3,19.3,4,1,0);]
Instante de tempo (dT)123
[(0,1,3,9.2,4,1,0);(1,1,3,19.4,4,1,0);]
Instante de tempo (dT)124
[(0,1,3,9.3,4,1,0);(1,1,3,19.5,4,1,0);]
Instante de tempo (dT)125
[(0,1,3,9.4,4,1,0);(1,1,3,19.6,4,1,0);]
Instante de tempo (dT)126
[(0,1,3,9.5,4,1,0);(1,1,3,19.7,4,1,0);]
Instante de tempo (dT)127
[(0,1,3,9.6,4,1,0);(1,1,3,19.8,4,1,0);]
Instante de tempo (dT)128
[(0,1,3,9.7,4,1,0);(1,1,3,19.9,4,1,0);]
Instante de tempo (dT)129
[(0,1,3,9.8,4,1,0);(1,1,3,20,4,1,0);]
Instante de tempo (dT)130
[(0,1,3,9.9,4,1,0);(1,1,3,20.1,4,1,0);]
Instante de tempo (dT)131
[(0,1,3,10,4,1,0);(1,1,3,20.2,4,1,0);]
Instante de tempo (dT)132
[(0,1,3,10.1,4,1,0);(1,1,3,20.3,4,1,0);]
Instante de tempo (dT)133
[(0,1,3,10.2,4,1,0);(1,1,3,20.4,4,1,0);]
Instante de tempo (dT)134
[(0,1,3,10.3,4,1,0);(1,1,3,20.5,4,1,0);]
Instante de tempo (dT)135
[(0,1,3,10.4,4,1,0);(1,1,3,20.6,4,1,0);]
Instante de tempo (dT)136
[(0,1,3,10.5,4,1,0);(1,1,3,20.7,4,1,0);]
Instante de tempo (dT)137
[(0,1,3,10.6,4,1,0);(1,1,3,20.8,4,1,0);]
Instante de tempo (dT)138
[(0,1,3,10.7,4,1,0);(1,1,3,20.9,4,1,0);]
Instante de tempo (dT)139
[(0,1,3,10.8,4,1,0);(1,1,3,21,4,1,0);]
Instante de tempo (dT)140
[(0,1,3,10.9,4,1,0);(1,1,3,21.1,4,1,0);]
Instante de tempo (dT)141
[(0,1,3,11,4,1,0);(1,1,3,21.2,4,1,0);]
Instante de tempo (dT)142
[(0,1,3,11.1,4,1,0);(1,1,3,21.3,4,1,0);]
Instante de tempo (dT)143
[(0,1,3,11.2,4,1,0);(1,1,3,21.4,4,1,0);]
Instante de tempo (dT)144
[(0,1,3,11.3,4,1,0);(1,1,3,21.5,4,1,0);]
Instante de tempo (dT)145
[(0,1,3,11.4,4,1,0);(1,1,3,21.6,4,1,0);]
Instante de tempo (dT)146
[(0,1,3,11.5,4,1,0);(1,1,3,21.7,4,1,0);]
Instante de tempo (dT)147
[(0,1,3,11.6,4,1,0);(1,1,3,21.8,4,1,0);]
Instante de tempo (dT)148
[(0,1,3,11.7,4,1,0);(1,1,3,21.9,4,1,0);]
Instante de tempo (dT)149
[(0,1,3,11.8,4,1,0);(1,1,3,22,4,1,0);]
Instante de tempo (dT)150
[(0,1,3,11.9,4,1,0);(1,1,3,22.1,4,1,0);]
Instante de tempo (dT)151
[(0,1,3,12,4,1,0);(1,1,3,22.2,4,1,0);]
Instante de tempo (dT)152
[(0,1,3,12.1,4,1,0);(1,1,3,22.3,4,1,0);]
Instante de tempo (dT)153
[(0,1,3,12.2,4,1,0);(1,1,3,22.4,4,1,0);]
Instante de tempo (dT)154
[(0,1,3,12.3,4,1,0);(1,1,3,22.5,4,1,0);]
Instante de tempo (dT)155
[(0,1,3,12.4,4,1,0);(1,1,3,22.6,4,1,0);]
Instante de tempo (dT)156
[(0,1,3,12.5,4,1,0);(1,1,3,22.7,4,1,0);]
Instante de tempo (dT)157
[(0,1,3,12.6,4,1,0);(1,1,3,22.8,4,1,0);]
Instante de tempo (dT)158
[(0,1,3,12.7,4,1,0);(1,1,3,22.9,4,1,0);]
Instante de tempo (dT)159
[(0,1,3,12.8,4,1,0);(1,1,3,23,4,1,0);]
Instante de tempo (dT)160
[(0,1,3,12.9,4,1,0);(1,1,3,23.1,4,1,0);]
Instante de tempo (dT)161
[(0,1,3,13,4,1,0);(1,1,3,23.2,4,1,0);]
Instante de tempo (dT)162
[(0,1,3,13.1,4,1,0);(1,1,3,23.3,4,1,0);]
Instante de tempo (dT)163
[(0,1,3,13.2,4,1,0);(1,1,3,23.4,4,1,0);]
Instante de tempo (dT)164
[(0,1,3,13.3,4,1,0);(1,1,3,23.5,4,1,0);]
Instante de tempo (dT)165
[(0,1,3,13.4,4,1,0);(1,1,3,23.6,4,1,0);]
Instante de tempo (dT)166
[(0,1,3,13.5,4,1,0);(1,1,3,23.7,4,1,0);]
Instante de tempo (dT)167
[(0,1,3,13.6,4,1,0);(1,1,3,23.8,4,1,0);]
Instante de tempo (dT)168
[(0,1,3,13.7,4,1,0);(1,1,3,23.9,4,1,0);]
Instante de tempo (dT)169
[(0,1,3,13.8,4,1,0);(1,1,3,24,4,1,0);]
Instante de tempo (dT)170
[(0,1,3,13.9,4,1,0);(1,1,3,24.1,4,1,0);]
Instante de tempo (dT)171
[(0,1,3,14,4,1,0);(1,1,3,24.2,4,1,0);]
Instante de tempo (dT)172
[(0,1,3,14.1,4,1,0);(1,1,3,24.3,4,1,0);]
Instante de tempo (dT)173
[(0,1,3,14.2,4,1,0);(1,1,3,24.4,4,1,0);]
Instante de tempo (dT)174
[(0,1,3,14.3,4,1,0);(1,1,3,24.5,4,1,0);]
Instante de tempo (dT)175
[(0,1,3,14.4,4,1,0);(1,1,3,24.6,4,1,0);]
Instante de tempo (dT)176
[(0,1,3,14.5,4,1,0);(1,1,3,24.7,4,1,0);]
Instante de tempo (dT)177
[(0,1,3,14.6,4,1,0);(1,1,3,24.8,4,1,0);]
Instante de tempo (dT)178
[(0,1,3,14.7,4,1,0);(1,1,3,24.9,4,1,0);]
Instante de tempo (dT)179
[(0,1,3,14.8,4,1,0);(1,1,3,25,4,1,0);]
Instante de tempo (dT)180
[(0,1,3,14.9,4,1,0);(1,1,3,25.1,4,1,0);]
Instante de tempo (dT)181
[(0,1,3,15,4,1,0);(1,1,3,25.2,4,1,0);]
Instante de tempo (dT)182
[(0,1,3,15.1,4,1,0);(1,1,3,25.3,4,1,0);]
Instante de tempo (dT)183
[(0,1,3,15.2,4,1,0);(1,1,3,25.4,4,1,0);]
Instante de tempo (dT)184
[(0,1,3,15.3,4,1,0);(1,1,3,25.5,4,1,0);]
Instante de tempo (dT)185
[(0,1,3,15.4,4,1,0);(1,1,3,25.6,4,1,0);]
Instante de tempo (dT)186
[(0,1,3,15.5,4,1,0);(1,1,3,25.7,4,1,0);]
Instante de tempo (dT)187
[(0,1,3,15.6,4,1,0);(1,1,3,25.8,4,1,0);]
Instante de tempo (dT)188
[(0,1,3,15.7,4,1,0);(1,1,3,25.9,4,1,0);]
Instante de tempo (dT)189
[(0,1,3,15.8,4,1,0);(1,1,3,26,4,1,0);]
Instante de tempo (dT)190
[(0,1,3,15.9,4,1,0);(1,1,3,26.1,4,1,0);]
Instante de tempo (dT)191
[(0,1,3,16,4,1,0);(1,1,3,26.2,4,1,0);]
Instante de tempo (dT)192
[(0,1,3,16.1,4,1,0);(1,1,3,26.3,4,1,0);]
Instante de tempo (dT)193
[(0,1,3,16.2,4,1,0);(1,1,3,26.4,4,1,0);]
Instante de tempo (dT)194
[(0,1,3,16.3,4,1,0);(1,1,3,26.5,4,1,0);]
Instante de tempo (dT)195
[(0,1,3,16.4,4,1,0);(1,1,3,26.6,4,1,0);]
Instante de tempo (dT)196
[(0,1,3,16.5,4,1,0);(1,1,3,26.7,4,1,0);]
Instante de tempo (dT)197
[(0,1,3,16.6,4,1,0);(1,1,3,26.8,4,1,0);]
Instante de tempo (dT)198
[(0,1,3,16.7,4,1,0);(1,1,3,26.9,4,1,0);]
Instante de tempo (dT)199
[(0,1,3,16.8,4,1,0);(1,1,3,27,4,1,0);]
Instante de tempo (dT)200
[(0,1,3,16.9,4,1,0);(1,1,3,27.1,4,1,0);]
Instante de tempo (dT)201
[(0,1,3,17,4,1,0);(1,1,3,27.2,4,1,0);]
Instante de tempo (dT)202
[(0,1,3,17.1,4,1,0);(1,1,3,27.3,4,1,0);]
Instante de tempo (dT)203
[(0,1,3,17.2,4,1,0);(1,1,3,27.4,4,1,0);]
Instante de tempo (dT)204
[(0,1,3,17.3,4,1,0);(1,1,3,27.5,4,1,0);]
Instante de tempo (dT)205
[(0,1,3,17.4,4,1,0);(1,1,3,27.6,4,1,0);]
Instante de tempo (dT)206
[(0,1,3,17.5,4,1,0);(1,1,3,27.7,4,1,0);]
Instante de tempo (dT)207
[(0,1,3,17.6,4,1,0);(1,1,3,27.8,4,1,0);]
Instante de tempo (dT)208
[(0,1,3,17.7,4,1,0);(1,1,3,27.9,4,1,0);]
Instante de tempo (dT)209
[(0,1,3,17.8,4,1,0);(1,1,3,28,4,1,0);]
Instante de tempo (dT)210
[(0,1,3,17.9,4,1,0);(1,1,3,28.1,4,1,0);]
Instante de tempo (dT)211
[(0,1,3,18,4,1,0);(1,1,3,28.2,4,1,0);]
Instante de tempo (dT)212
[(0,1,3,18.1,4,1,0);(1,1,3,28.3,4,1,0);]
Instante de tempo (dT)213
[(0,1,3,18.2,4,1,0);(1,1,3,28.4,4,1,0);]
Instante de tempo (dT)214
[(0,1,3,18.3,4,1,0);(1,1,3,28.5,4,1,0);]
Instante de tempo (dT)215
[(0,1,3,18.4,4,1,0);(1,1,3,28.6,4,1,0);]
Instante de tempo (dT)216
[(0,1,3,18.5,4,1,0);(1,1,3,28.7,4,1,0);]
Instante de tempo (dT)217
[(0,1,3,18.6,4,1,0);(1,1,3,28.8,4,1,0);]
Instante de tempo (dT)218
[(0,1,3,18.7,4,1,0);(1,1,3,28.9,4,1,0);]
Instante de tempo (dT)219
[(0,1,3,18.8,4,1,0);(1,1,3,29,4,1,0);]
Instante de tempo (dT)220
[(0,1,3,18.9,4,1,0);(1,1,3,29.1,4,1,0);]
Instante de tempo (dT)221
[(0,1,3,19,4,1,0);(1,1,3,29.2,4,1,0);]
Instante de tempo (dT)222
[(0,1,3,19.1,4,1,0);(1,1,3,29.3,4,1,0);]
Instante de tempo (dT)223
[(0,1,3,19.2,4,1,0);(1,1,3,29.4,4,1,0);]
Instante de tempo (dT)224
[(0,1,3,19.3,4,1,0);(1,1,3,29.5,4,1,0);]
Instante de tempo (dT)225
[(0,1,3,19.4,4,1,0);(1,1,3,29.6,4,1,0);]
Instante de tempo (dT)226
[(0,1,3,19.5,4,1,0);(1,1,3,29.7,4,1,0);]
Instante de tempo (dT)227
[(0,1,3,19.6,4,1,0);(1,1,3,29.8,4,1,0);]
Instante de tempo (dT)228
[(0,1,3,19.7,4,1,0);(1,1,3,29.9,4,1,0);]
Instante de tempo (dT)229
[(0,1,3,19.8,4,1,0);(1,1,3,30,4,1,0);]
Instante de tempo (dT)230
[(0,1,3,19.9,4,1,0);(1,1,3,30.1,4,1,0);]
Instante de tempo (dT)231
[(0,1,3,20,4,1,0);(1,1,3,30.2,4,1,0);]
Instante de tempo (dT)232
[(0,1,3,20.1,4,1,0);(1,1,3,30.3,4,1,0);]
Instante de tempo (dT)233
[(0,1,3,20.2,4,1,0);(1,1,3,30.4,4,1,0);]
Instante de tempo (dT)234
[(0,1,3,20.3,4,1,0);(1,1,3,30.5,4,1,0);]
Instante de tempo (dT)235
[(0,1,3,20.4,4,1,0);(1,1,3,30.6,4,1,0);]
Instante de tempo (dT)236
[(0,1,3,20.5,4,1,0);(1,1,3,30.7,4,1,0);]
Instante de tempo (dT)237
[(0,1,3,20.6,4,1,0);(1,1,3,30.8,4,1,0);]
Instante de tempo (dT)238
[(0,1,3,20.7,4,1,0);(1,1,3,30.9,4,1,0);]
Instante de tempo (dT)239
[(0,1,3,20.8,4,1,0);(1,1,3,31,4,1,0);]
Instante de tempo (dT)240
[(0,1,3,20.9,4,1,0);(1,1,3,31.1,4,1,0);]
Instante de tempo (dT)241
[(0,1,3,21,4,1,0);(1,1,3,31.2,4,1,0);]
Instante de tempo (dT)242
[(0,1,3,21.1,4,1,0);(1,1,3,31.3,4,1,0);]
Instante de tempo (dT)243
[(0,1,3,21.2,4,1,0);(1,1,3,31.4,4,1,0);]
Instante de tempo (dT)244
[(0,1,3,21.3,4,1,0);(1,1,3,31.5,4,1,0);]
Instante de tempo (dT)245
[(0,1,3,21.4,4,1,0);(1,1,3,31.6,4,1,0);]
Instante de tempo (dT)246
[(0,1,3,21.5,4,1,0);(1,1,3,31.7,4,1,0);]
Instante de tempo (dT)247
[(0,1,3,21.6,4,1,0);(1,1,3,31.8,4,1,0);]
Instante de tempo (dT)248
[(0,1,3,21.7,4,1,0);(1,1,3,31.9,4,1,0);]
Instante de tempo (dT)249
[(0,1,3,21.8,4,1,0);(1,1,3,32,4,1,0);]
Instante de tempo (dT)250
[(0,1,3,21.9,4,1,0);(1,1,3,32.1,4,1,0);]
Instante de tempo (dT)251
[(0,1,3,22,4,1,0);(1,1,3,32.2,4,1,0);]
Instante de tempo (dT)252
[(0,1,3,22.1,4,1,0);(1,1,3,32.3,4,1,0);]
Instante de tempo (dT)253
[(0,1,3,22.2,4,1,0);(1,1,3,32.4,4,1,0);]
Instante de tempo (dT)254
[(0,1,3,22.3,4,1,0);(1,1,3,32.5,4,1,0);]
Instante de tempo (dT)255
[(0,1,3,22.4,4,1,0);(1,1,3,32.6,4,1,0);]
Instante de tempo (dT)256
[(0,1,3,22.5,4,1,0);(1,1,3,32.7,4,1,0);]
Instante de tempo (dT)257
[(0,1,3,22.6,4,1,0);(1,1,3,32.8,4,1,0);]
Instante de tempo (dT)258
[(0,1,3,22.7,4,1,0);(1,1,3,32.9,4,1,0);]
Instante de tempo (dT)259
[(0,1,3,22.8,4,1,0);(1,1,3,33,4,1,0);]
Instante de tempo (dT)260
[(0,1,3,22.9,4,1,0);(1,1,3,33.1,4,1,0);]
Instante de tempo (dT)261
[(0,1,3,23,4,1,0);(1,1,3,33.2,4,1,0);]
Instante de tempo (dT)262
[(0,1,3,23.1,4,1,0);(1,1,3,33.3,4,1,0);]
Instante de tempo (dT)263
[(0,1,3,23.2,4,1,0);(1,1,3,33.4,4,1,0);]
Instante de tempo (dT)264
[(0,1,3,23.3,4,1,0);(1,1,3,33.5,4,1,0);]
Instante de tempo (dT)265
[(0,1,3,23.4,4,1,0);(1,1,3,33.6,4,1,0);]
Instante de tempo (dT)266
[(0,1,3,23.5,4,1,0);(1,1,3,33.7,4,1,0);]
Instante de tempo (dT)267
[(0,1,3,23.6,4,1,0);(1,1,3,33.8,4,1,0);]
Instante de tempo (dT)268
[(0,1,3,23.7,4,1,0);(1,1,3,33.9,4,1,0);]
Instante de tempo (dT)269
[(0,1,3,23.8,4,1,0);(1,1,3,34,4,1,0);]
Instante de tempo (dT)270
[(0,1,3,23.9,4,1,0);(1,1,3,34.1,4,1,0);]
Instante de tempo (dT)271
[(0,1,3,24,4,1,0);(1,1,3,34.2,4,1,0);]
Instante de tempo (dT)272
[(0,1,3,24.1,4,1,0);(1,1,3,34.3,4,1,0);]
Instante de tempo (dT)273
[(0,1,3,24.2,4,1,0);(1,1,3,34.4,4,1,0);]
Instante de tempo (dT)274
[(0,1,3,24.3,4,1,0);(1,1,3,34.5,4,1,0);]
Instante de tempo (dT)275
[(0,1,3,24.4,4,1,0);(1,1,3,34.6,4,1,0);]
Instante de tempo (dT)276
[(0,1,3,24.5,4,1,0);(1,1,3,34.7,4,1,0);]
Instante de tempo (dT)277
[(0,1,3,24.6,4,1,0);(1,1,3,34.8,4,1,0);]
Instante de tempo (dT)278
[(0,1,3,24.7,4,1,0);(1,1,3,34.9,4,1,0);]
Instante de tempo (dT)279
[(0,1,3,24.8,4,1,0);(1,1,3,35,4,1,0);]
Instante de tempo (dT)280
[(0,1,3,24.9,4,1,0);(1,1,3,35.1,4,1,0);]
Instante de tempo (dT)281
[(0,1,3,25,4,1,0);(1,1,3,35.2,4,1,0);]
Instante de tempo (dT)282
[(0,1,3,25.1,4,1,0);(1,1,3,35.3,4,1,0);]
Instante de tempo (dT)283
[(0,1,3,25.2,4,1,0);(1,1,3,35.4,4,1,0);]
Instante de tempo (dT)284
[(0,1,3,25.3,4,1,0);(1,1,3,35.5,4,1,0);]
Instante de tempo (dT)285
[(0,1,3,25.4,4,1,0);(1,1,3,35.6,4,1,0);]
Instante de tempo (dT)286
[(0,1,3,25.5,4,1,0);(1,1,3,35.7,4,1,0);]
Instante de tempo (dT)287
[(0,1,3,25.6,4,1,0);(1,1,3,35.8,4,1,0);]
Instante de tempo (dT)288
[(0,1,3,25.7,4,1,0);(1,1,3,35.9,4,1,0);]
Instante de tempo (dT)289
[(0,1,3,25.8,4,1,0);(1,1,3,36,4,1,0);]
Instante de tempo (dT)290
[(0,1,3,25.9,4,1,0);(1,1,3,36.1,4,1,0);]
Instante de tempo (dT)291
[(0,1,3,26,4,1,0);(1,1,3,36.2,4,1,0);]
Instante de tempo (dT)292
[(0,1,3,26.1,4,1,0);(1,1,3,36.3,4,1,0);]
Instante de tempo (dT)293
[(0,1,3,26.2,4,1,0);(1,1,3,36.4,4,1,0);]
Instante de tempo (dT)294
[(0,1,3,26.3,4,1,0);(1,1,3,36.5,4,1,0);]
Instante de tempo (dT)295
[(0,1,3,26.4,4,1,0);(1,1,3,36.6,4,1,0);]
Instante de tempo (dT)296
[(0,1,3,26.5,4,1,0);(1,1,3,36.7,4,1,0);]
Instante de tempo (dT)297
[(0,1,3,26.6,4,1,0);(1,1,3,36.8,4,1,0);]
Instante de tempo (dT)298
[(0,1,3,26.7,4,1,0);(1,1,3,36.9,4,1,0);]
Instante de tempo (dT)299
[(0,1,3,26.8,4,1,0);(1,1,3,37,4,1,0);]
Instante de tempo (dT)300
[(0,1,3,26.9,4,1,0);(1,1,3,37.1,4,1,0);]
Instante de tempo (dT)301
[(0,1,3,27,4,1,0);(1,1,3,37.2,4,1,0);]
Instante de tempo (dT)302
[(0,1,3,27.1,4,1,0);(1,1,3,37.3,4,1,0);]
Instante de tempo (dT)303
[(0,1,3,27.2,4,1,0);(1,1,3,37.4,4,1,0);]
Instante de tempo (dT)304
[(0,1,3,27.3,4,1,0);(1,1,3,37.5,4,1,0);]
Instante de tempo (dT)305
[(0,1,3,27.4,4,1,0);(1,1,3,37.6,4,1,0);]
Instante de tempo (dT)306
[(0,1,3,27.5,4,1,0);(1,1,3,37.7,4,1,0);]
Instante de tempo (dT)307
[(0,1,3,27.6,4,1,0);(1,1,3,37.8,4,1,0);]
Instante de tempo (dT)308
[(0,1,3,27.7,4,1,0);(1,1,3,37.9,4,1,0);]
Instante de tempo (dT)309
[(0,1,3,27.8,4,1,0);(1,1,3,38,4,1,0);]
Instante de tempo (dT)310
[(0,1,3,27.9,4,1,0);(1,1,3,38.1,4,1,0);]
Instante de tempo (dT)311
[(0,1,3,28,4,1,0);(1,1,3,38.2,4,1,0);]
Instante de tempo (dT)312
[(0,1,3,28.1,4,1,0);(1,1,3,38.3,4,1,0);]
Instante de tempo (dT)313
[(0,1,3,28.2,4,1,0);(1,1,3,38.4,4,1,0);]
Instante de tempo (dT)314
[(0,1,3,28.3,4,1,0);(1,1,3,38.5,4,1,0);]
Instante de tempo (dT)315
[(0,1,3,28.4,4,1,0);(1,1,3,38.6,4,1,0);]
Instante de tempo (dT)316
[(0,1,3,28.5,4,1,0);(1,1,3,38.7,4,1,0);]
Instante de tempo (dT)317
[(0,1,3,28.6,4,1,0);(1,1,3,38.8,4,1,0);]
Instante de tempo (dT)318
[(0,1,3,28.7,4,1,0);(1,1,3,38.9,4,1,0);]
Instante de tempo (dT)319
[(0,1,3,28.8,4,1,0);(1,1,3,39,4,1,0);]
Instante de tempo (dT)320
[(0,1,3,28.9,4,1,0);(1,1,3,39.1,4,1,0);]
Instante de tempo (dT)321
[(0,1,3,29,4,1,0);(1,1,3,39.2,4,1,0);]
Instante de tempo (dT)322
[(0,1,3,29.1,4,1,0);(1,1,3,39.3,4,1,0);]
Instante de tempo (dT)323
[(0,1,3,29.2,4,1,0);(1,1,3,39.4,4,1,0);]
Instante de tempo (dT)324
[(0,1,3,29.3,4,1,0);(1,1,3,39.5,4,1,0);]
Instante de tempo (dT)325
[(0,1,3,29.4,4,1,0);(1,1,3,39.6,4,1,0);]
Instante de tempo (dT)326
[(0,1,3,29.5,4,1,0);(1,1,3,39.7,4,1,0);]
Instante de tempo (dT)327
[(0,1,3,29.6,4,1,0);(1,1,3,39.8,4,1,0);]
Instante de tempo (dT)328
[(0,1,3,29.7,4,1,0);(1,1,3,39.9,4,1,0);]
Instante de tempo (dT)329
[(0,1,3,29.8,4,1,0);(1,1,3,40,4,1,0);]
Instante de tempo (dT)330
[(0,1,3,29.9,4,1,0);(1,1,3,40.1,4,1,0);]
Instante de tempo (dT)331
[(0,1,3,30,4,1,0);(1,1,3,40.2,4,1,0);]
Instante de tempo (dT)332
[(0,1,3,30.1,4,1,0);(1,1,3,40.3,4,1,0);]
Instante de tempo (dT)333
[(0,1,3,30.2,4,1,0);(1,1,3,40.4,4,1,0);]
Instante de tempo (dT)334
[(0,1,3,30.3,4,1,0);(1,1,3,40.5,4,1,0);]
Instante de tempo (dT)335
[(0,1,3,30.4,4,1,0);(1,1,3,40.6,4,1,0);]
Instante de tempo (dT)336
[(0,1,3,30.5,4,1,0);(1,1,3,40.7,4,1,0);]
Instante de tempo (dT)337
[(0,1,3,30.6,4,1,0);(1,1,3,40.8,4,1,0);]
Instante de tempo (dT)338
[(0,1,3,30.7,4,1,0);(1,1,3,40.9,4,1,0);]
Instante de tempo (dT)339
[(0,1,3,30.8,4,1,0);(1,1,3,41,4,1,0);]
Instante de tempo (dT)340
[(0,1,3,30.9,4,1,0);(1,1,3,41.1,4,1,0);]
Instante de tempo (dT)341
[(0,1,3,31,4,1,0);(1,1,3,41.2,4,1,0);]
Instante de tempo (dT)342
[(0,1,3,31.1,4,1,0);(1,1,3,41.3,4,1,0);]
Instante de tempo (dT)343
[(0,1,3,31.2,4,1,0);(1,1,3,41.4,4,1,0);]
Instante de tempo (dT)344
[(0,1,3,31.3,4,1,0);(1,1,3,41.5,4,1,0);]
Instante de tempo (dT)345
[(0,1,3,31.4,4,1,0);(1,1,3,41.6,4,1,0);]
Instante de tempo (dT)346
[(0,1,3,31.5,4,1,0);(1,1,3,41.7,4,1,0);]
Instante de tempo (dT)347
[(0,1,3,31.6,4,1,0);(1,1,3,41.8,4,1,0);]
Instante de tempo (dT)348
[(0,1,3,31.7,4,1,0);(1,1,3,41.9,4,1,0);]
Instante de tempo (dT)349
[(0,1,3,31.8,4,1,0);(1,1,3,42,4,1,0);]
Instante de tempo (dT)350
[(0,1,3,31.9,4,1,0);(1,1,3,42.1,4,1,0);]
Instante de tempo (dT)351
[(0,1,3,32,4,1,0);(1,1,3,42.2,4,1,0);]
Instante de tempo (dT)352
[(0,1,3,32.1,4,1,0);(1,1,3,42.3,4,1,0);]
Instante de tempo (dT)353
[(0,1,3,32.2,4,1,0);(1,1,3,42.4,4,1,0);]
Instante de tempo (dT)354
[(0,1,3,32.3,4,1,0);(1,1,3,42.5,4,1,0);]
Instante de tempo (dT)355
[(0,1,3,32.4,4,1,0);(1,1,3,42.6,4,1,0);]
Instante de tempo (dT)356
[(0,1,3,32.5,4,1,0);(1,1,3,42.7,4,1,0);]
Instante de tempo (dT)357
[(0,1,3,32.6,4,1,0);(1,1,3,42.8,4,1,0);]
Instante de tempo (dT)358
[(0,1,3,32.7,4,1,0);(1,1,3,42.9,4,1,0);]
Instante de tempo (dT)359
[(0,1,3,32.8,4,1,0);(1,1,3,43,4,1,0);]
Instante de tempo (dT)360
[(0,1,3,32.9,4,1,0);(1,1,3,43.1,4,1,0);]
Instante de tempo (dT)361
[(0,1,3,33,4,1,0);(1,1,3,43.2,4,1,0);]
Instante de tempo (dT)362
[(0,1,3,33.1,4,1,0);(1,1,3,43.3,4,1,0);]
Instante de tempo (dT)363
[(0,1,3,33.2,4,1,0);(1,1,3,43.4,4,1,0);]
Instante de tempo (dT)364
[(0,1,3,33.3,4,1,0);(1,1,3,43.5,4,1,0);]
Instante de tempo (dT)365
[(0,1,3,33.4,4,1,0);(1,1,3,43.6,4,1,0);]
Instante de tempo (dT)366
[(0,1,3,33.5,4,1,0);(1,1,3,43.7,4,1,0);]
Instante de tempo (dT)367
[(0,1,3,33.6,4,1,0);(1,1,3,43.8,4,1,0);]
Instante de tempo (dT)368
[(0,1,3,33.7,4,1,0);(1,1,3,43.9,4,1,0);]
Instante de tempo (dT)369
[(0,1,3,33.8,4,1,0);(1,1,3,44,4,1,0);]
Instante de tempo (dT)370
[(0,1,3,33.9,4,1,0);(1,1,3,44.1,4,1,0);]
Instante de tempo (dT)371
[(0,1,3,34,4,1,0);(1,1,3,44.2,4,1,0);]
Instante de tempo (dT)372
[(0,1,3,34.1,4,1,0);(1,1,3,44.3,4,1,0);]
Instante de tempo (dT)373
[(0,1,3,34.2,4,1,0);(1,1,3,44.4,4,1,0);]
Instante de tempo (dT)374
[(0,1,3,34.3,4,1,0);(1,1,3,44.5,4,1,0);]
Instante de tempo (dT)375
[(0,1,3,34.4,4,1,0);(1,1,3,44.6,4,1,0);]
Instante de tempo (dT)376
[(0,1,3,34.5,4,1,0);(1,1,3,44.7,4,1,0);]
Instante de tempo (dT)377
[(0,1,3,34.6,4,1,0);(1,1,3,44.8,4,1,0);]
Instante de tempo (dT)378
[(0,1,3,34.7,4,1,0);(1,1,3,44.9,4,1,0);]
Instante de tempo (dT)379
[(0,1,3,34.8,4,1,0);(1,1,3,45,4,1,0);]
Instante de tempo (dT)380
[(0,1,3,34.9,4,1,0);(1,1,3,45.1,4,1,0);]
Instante de tempo (dT)381
[(0,1,3,35,4,1,0);(1,1,3,45.2,4,1,0);]
Instante de tempo (dT)382
[(0,1,3,35.1,4,1,0);(1,1,3,45.3,4,1,0);]
Instante de tempo (dT)383
[(0,1,3,35.2,4,1,0);(1,1,3,45.4,4,1,0);]
Instante de tempo (dT)384
[(0,1,3,35.3,4,1,0);(1,1,3,45.5,4,1,0);]
Instante de tempo (dT)385
[(0,1,3,35.4,4,1,0);(1,1,3,45.6,4,1,0);]
Instante de tempo (dT)386
[(0,1,3,35.5,4,1,0);(1,1,3,45.7,4,1,0);]
Instante de tempo (dT)387
[(0,1,3,35.6,4,1,0);(1,1,3,45.8,4,1,0);]
Instante de tempo (dT)388
[(0,1,3,35.7,4,1,0);(1,1,3,45.9,4,1,0);]
Instante de tempo (dT)389
[(0,1,3,35.8,4,1,0);(1,1,3,46,4,1,0);]
Instante de tempo (dT)390
[(0,1,3,35.9,4,1,0);(1,1,3,46.1,4,1,0);]
Instante de tempo (dT)391
[(0,1,3,36,4,1,0);(1,1,3,46.2,4,1,0);]
Instante de tempo (dT)392
[(0,1,3,36.1,4,1,0);(1,1,3,46.3,4,1,0);]
Instante de tempo (dT)393
[(0,1,3,36.2,4,1,0);(1,1,3,46.4,4,1,0);]
Instante de tempo (dT)394
[(0,1,3,36.3,4,1,0);(1,1,3,46.5,4,1,0);]
Instante de tempo (dT)395
[(0,1,3,36.4,4,1,0);(1,1,3,46.6,4,1,0);]
Instante de tempo (dT)396
[(0,1,3,36.5,4,1,0);(1,1,3,46.7,4,1,0);]
Instante de tempo (dT)397
[(0,1,3,36.6,4,1,0);(1,1,3,46.8,4,1,0);]
Instante de tempo (dT)398
[(0,1,3,36.7,4,1,0);(1,1,3,46.9,4,1,0);]
Instante de tempo (dT)399
[(0,1,3,36.8,4,1,0);(1,1,3,47,4,1,0);]
Instante de tempo (dT)400
[(0,1,3,36.9,4,1,0);(1,1,3,47.1,4,1,0);]
Instante de tempo (dT)401
[(0,1,3,37,4,1,0);(1,1,3,47.2,4,1,0);]
Instante de tempo (dT)402
[(0,1,3,37.1,4,1,0);(1,1,3,47.3,4,1,0);]
Instante de tempo (dT)403
[(0,1,3,37.2,4,1,0);(1,1,3,47.4,4,1,0);]
Instante de tempo (dT)404
[(0,1,3,37.3,4,1,0);(1,1,3,47.5,4,1,0);]
Instante de tempo (dT)405
[(0,1,3,37.4,4,1,0);(1,1,3,47.6,4,1,0);]
Instante de tempo (dT)406
[(0,1,3,37.5,4,1,0);(1,1,3,47.7,4,1,0);]
Instante de tempo (dT)407
[(0,1,3,37.6,4,1,0);(1,1,3,47.8,4,1,0);]
Instante de tempo (dT)408
[(0,1,3,37.7,4,1,0);(1,1,3,47.9,4,1,0);]
Instante de tempo (dT)409
[(0,1,3,37.8,4,1,0);(1,1,3,48,4,1,0);]
Instante de tempo (dT)410
[(0,1,3,37.9,4,1,0);(1,1,3,48.1,4,1,0);]
Instante de tempo (dT)411
[(0,1,3,38,4,1,0);(1,1,3,48.2,4,1,0);]
Instante de tempo (dT)412
[(0,1,3,38.1,4,1,0);(1,1,3,48.3,4,1,0);]
Instante de tempo (dT)413
[(0,1,3,38.2,4,1,0);(1,1,3,48.4,4,1,0);]
Instante de tempo (dT)414
[(0,1,3,38.3,4,1,0);(1,1,3,48.5,4,1,0);]
Instante de tempo (dT)415
[(0,1,3,38.4,4,1,0);(1,1,3,48.6,4,1,0);]
Instante de tempo (dT)416
[(0,1,3,38.5,4,1,0);(1,1,3,48.7,4,1,0);]
Instante de tempo (dT)417
[(0,1,3,38.6,4,1,0);(1,1,3,48.8,4,1,0);]
Instante de tempo (dT)418
[(0,1,3,38.7,4,1,0);(1,1,3,48.9,4,1,0);]
Instante de tempo (dT)419
[(0,1,3,38.8,4,1,0);(1,1,3,49,4,-1,0);]
Instante de tempo (dT)420
[(0,1,3,38.9,4,1,0);(1,1,3,48.9,4,-1,0);]
Instante de tempo (dT)421
[(0,1,3,39,4,1,0);(1,1,3,48.8,4,-1,0);]
Instante de tempo (dT)422
[(0,1,3,39.1,4,1,0);(1,1,3,48.7,4,-1,0);]
Instante de tempo (dT)423
[(0,1,3,39.2,4,1,0);(1,1,3,48.6,4,-1,0);]
Instante de tempo (dT)424
[(0,1,3,39.3,4,1,0);(1,1,3,48.5,4,-1,0);]
Instante de tempo (dT)425
[(0,1,3,39.4,4,1,0);(1,1,3,48.4,4,-1,0);]
Instante de tempo (dT)426
[(0,1,3,39.5,4,1,0);(1,1,3,48.3,4,-1,0);]
Instante de tempo (dT)427
[(0,1,3,39.6,4,1,0);(1,1,3,48.2,4,-1,0);]
Instante de tempo (dT)428
[(0,1,3,39.7,4,1,0);(1,1,3,48.1,4,-1,0);]
Instante de tempo (dT)429
[(0,1,3,39.8,4,1,0);(1,1,3,48,4,-1,0);]
Instante de tempo (dT)430
[(0,1,3,39.9,4,1,0);(1,1,3,47.9,4,-1,0);]
Instante de tempo (dT)431
[(0,1,3,40,4,1,0);(1,1,3,47.8,4,-1,0);]
Instante de tempo (dT)432
[(0,1,3,40.1,4,1,0);(1,1,3,47.7,4,-1,0);]
Instante de tempo (dT)433
[(0,1,3,40.2,4,1,0);(1,1,3,47.6,4,-1,0);]
Instante de tempo (dT)434
[(0,1,3,40.3,4,1,0);(1,1,3,47.5,4,-1,0);]
Instante de tempo (dT)435
[(0,1,3,40.4,4,1,0);(1,1,3,47.4,4,-1,0);]
Instante de tempo (dT)436
[(0,1,3,40.5,4,1,0);(1,1,3,47.3,4,-1,0);]
Instante de tempo (dT)437
[(0,1,3,40.6,4,1,0);(1,1,3,47.2,4,-1,0);]
Instante de tempo (dT)438
[(0,1,3,40.7,4,1,0);(1,1,3,47.1,4,-1,0);]
Instante de tempo (dT)439
[(0,1,3,40.8,4,1,0);(1,1,3,47,4,-1,0);]
Instante de tempo (dT)440
[(0,1,3,40.9,4,1,0);(1,1,3,46.9,4,-1,0);]
Instante de tempo (dT)441
[(0,1,3,41,4,1,0);(1,1,3,46.8,4,-1,0);]
Instante de tempo (dT)442
[(0,1,3,41.1,4,1,0);(1,1,3,46.7,4,-1,0);]
Instante de tempo (dT)443
[(0,1,3,41.2,4,1,0);(1,1,3,46.6,4,-1,0);]
Instante de tempo (dT)444
[(0,1,3,41.3,4,1,0);(1,1,3,46.5,4,-1,0);]
Instante de tempo (dT)445
[(0,1,3,41.4,4,1,0);(1,1,3,46.4,4,-1,0);]
Instante de tempo (dT)446
[(0,1,3,41.5,4,1,0);(1,1,3,46.3,4,-1,0);]
Instante de tempo (dT)447
[(0,1,3,41.6,4,1,0);(1,1,3,46.2,4,-1,0);]
Instante de tempo (dT)448
[(0,1,3,41.7,4,1,0);(1,1,3,46.1,4,-1,0);]
Instante de tempo (dT)449
[(0,1,3,41.8,4,1,0);(1,1,3,46,4,-1,0);]
Instante de tempo (dT)450
[(0,1,3,41.9,4,1,0);(1,1,3,45.9,4,-1,0);]
Instante de tempo (dT)451
[(0,1,3,42,4,1,0);(1,1,3,45.8,4,-1,0);]
Instante de tempo (dT)452
[(0,1,3,42.1,4,1,0);(1,1,3,45.7,4,-1,0);]
Instante de tempo (dT)453
[(0,1,3,42.2,4,1,0);(1,1,3,45.6,4,-1,0);]
Instante de tempo (dT)454
[(0,1,3,42.3,4,1,0);(1,1,3,45.5,4,-1,0);]
Instante de tempo (dT)455
[(0,1,3,42.4,4,1,0);(1,1,3,45.4,4,-1,0);]
Instante de tempo (dT)456
[(0,1,3,42.5,4,1,0);(1,1,3,45.3,4,-1,0);]
Instante de tempo (dT)457
[(0,1,3,42.6,4,1,0);(1,1,3,45.2,4,-1,0);]
Instante de tempo (dT)458
[(0,1,3,42.7,4,1,0);(1,1,3,45.1,4,-1,0);]
Instante de tempo (dT)459
[(0,1,3,42.8,4,1,0);(1,1,3,45,4,-1,0);]
Instante de tempo (dT)460
[(0,1,3,42.9,4,1,0);(1,1,3,44.9,4,-1,0);]
Instante de tempo (dT)461
[(0,1,3,43,4,-1,0);(1,1,3,44.8,4,1,0);]
Instante de tempo (dT)462
[(0,1,3,42.9,4,-1,0);(1,1,3,44.9,4,1,0);]
Instante de tempo (dT)463
[(0,1,3,42.8,4,-1,0);(1,1,3,45,4,1,0);]
Instante de tempo (dT)464
[(0,1,3,42.7,4,-1,0);(1,1,3,45.1,4,1,0);]
Instante de tempo (dT)465
[(0,1,3,42.6,4,-1,0);(1,1,3,45.2,4,1,0);]
Instante de tempo (dT)466
[(0,1,3,42.5,4,-1,0);(1,1,3,45.3,4,1,0);]
Instante de tempo (dT)467
[(0,1,3,42.4,4,-1,0);(1,1,3,45.4,4,1,0);]
Instante de tempo (dT)468
[(0,1,3,42.3,4,-1,0);(1,1,3,45.5,4,1,0);]
Instante de tempo (dT)469
[(0,1,3,42.2,4,-1,0);(1,1,3,45.6,4,1,0);]
Instante de tempo (dT)470
[(0,1,3,42.1,4,-1,0);(1,1,3,45.7,4,1,0);]
Instante de tempo (dT)471
[(0,1,3,42,4,-1,0);(1,1,3,45.8,4,1,0);]
Instante de tempo (dT)472
[(0,1,3,41.9,4,-1,0);(1,1,3,45.9,4,1,0);]
Instante de tempo (dT)473
[(0,1,3,41.8,4,-1,0);(1,1,3,46,4,1,0);]
Instante de tempo (dT)474
[(0,1,3,41.7,4,-1,0);(1,1,3,46.1,4,1,0);]
Instante de tempo (dT)475
[(0,1,3,41.6,4,-1,0);(1,1,3,46.2,4,1,0);]
Instante de tempo (dT)476
[(0,1,3,41.5,4,-1,0);(1,1,3,46.3,4,1,0);]
Instante de tempo (dT)477
[(0,1,3,41.4,4,-1,0);(1,1,3,46.4,4,1,0);]
Instante de tempo (dT)478
[(0,1,3,41.3,4,-1,0);(1,1,3,46.5,4,1,0);]
Instante de tempo (dT)479
[(0,1,3,41.2,4,-1,0);(1,1,3,46.6,4,1,0);]
Instante de tempo (dT)480
[(0,1,3,41.1,4,-1,0);(1,1,3,46.7,4,1,0);]
Instante de tempo (dT)481
[(0,1,3,41,4,-1,0);(1,1,3,46.8,4,1,0);]
Instante de tempo (dT)482
[(0,1,3,40.9,4,-1,0);(1,1,3,46.9,4,1,0);]
Instante de tempo (dT)483
[(0,1,3,40.8,4,-1,0);(1,1,3,47,4,1,0);]
Instante de tempo (dT)484
[(0,1,3,40.7,4,-1,0);(1,1,3,47.1,4,1,0);]
Instante de tempo (dT)485
[(0,1,3,40.6,4,-1,0);(1,1,3,47.2,4,1,0);]
Instante de tempo (dT)486
[(0,1,3,40.5,4,-1,0);(1,1,3,47.3,4,1,0);]
Instante de tempo (dT)487
[(0,1,3,40.4,4,-1,0);(1,1,3,47.4,4,1,0);]
Instante de tempo (dT)488
[(0,1,3,40.3,4,-1,0);(1,1,3,47.5,4,1,0);]
Instante de tempo (dT)489
[(0,1,3,40.2,4,-1,0);(1,1,3,47.6,4,1,0);]
Instante de tempo (dT)490
[(0,1,3,40.1,4,-1,0);(1,1,3,47.7,4,1,0);]
Instante de tempo (dT)491
[(0,1,3,40,4,-1,0);(1,1,3,47.8,4,1,0);]
Instante de tempo (dT)492
[(0,1,3,39.9,4,-1,0);(1,1,3,47.9,4,1,0);]
Instante de tempo (dT)493
[(0,1,3,39.8,4,-1,0);(1,1,3,48,4,1,0);]
Instante de tempo (dT)494
[(0,1,3,39.7,4,-1,0);(1,1,3,48.1,4,1,0);]
Instante de tempo (dT)495
[(0,1,3,39.6,4,-1,0);(1,1,3,48.2,4,1,0);]
Instante de tempo (dT)496
[(0,1,3,39.5,4,-1,0);(1,1,3,48.3,4,1,0);]
Instante de tempo (dT)497
[(0,1,3,39.4,4,-1,0);(1,1,3,48.4,4,1,0);]
Instante de tempo (dT)498
[(0,1,3,39.3,4,-1,0);(1,1,3,48.5,4,1,0);]
Instante de tempo (dT)499
[(0,1,3,39.2,4,-1,0);(1,1,3,48.6,4,1,0);]
Instante de tempo (dT)500
[(0,1,3,39.1,4,-1,0);(1,1,3,48.7,4,1,0);]
Instante de tempo (dT)501
[(0,1,3,39,4,-1,0);(1,1,3,48.8,4,1,0);]
Instante de tempo (dT)502
[(0,1,3,38.9,4,-1,0);(1,1,3,48.9,4,1,0);]
Instante de tempo (dT)503
[(0,1,3,38.8,4,-1,0);(1,1,3,49,4,-1,0);]
Instante de tempo (dT)504
[(0,1,3,38.7,4,-1,0);(1,1,3,48.9,4,-1,0);]
Instante de tempo (dT)505
[(0,1,3,38.6,4,-1,0);(1,1,3,48.8,4,-1,0);]
Instante de tempo (dT)506
[(0,1,3,38.5,4,-1,0);(1,1,3,48.7,4,-1,0);]
Instante de tempo (dT)507
[(0,1,3,38.4,4,-1,0);(1,1,3,48.6,4,-1,0);]
Instante de tempo (dT)508
[(0,1,3,38.3,4,-1,0);(1,1,3,48.5,4,-1,0);]
Instante de tempo (dT)509
[(0,1,3,38.2,4,-1,0);(1,1,3,48.4,4,-1,0);]
Instante de tempo (dT)510
[(0,1,3,38.1,4,-1,0);(1,1,3,48.3,4,-1,0);]
Instante de tempo (dT)511
[(0,1,3,38,4,-1,0);(1,1,3,48.2,4,-1,0);]
Instante de tempo (dT)512
[(0,1,3,37.9,4,-1,0);(1,1,3,48.1,4,-1,0);]
Instante de tempo (dT)513
[(0,1,3,37.8,4,-1,0);(1,1,3,48,4,-1,0);]
Instante de tempo (dT)514
[(0,1,3,37.7,4,-1,0);(1,1,3,47.9,4,-1,0);]
Instante de tempo (dT)515
[(0,1,3,37.6,4,-1,0);(1,1,3,47.8,4,-1,0);]
Instante de tempo (dT)516
[(0,1,3,37.5,4,-1,0);(1,1,3,47.7,4,-1,0);]
Instante de tempo (dT)517
[(0,1,3,37.4,4,-1,0);(1,1,3,47.6,4,-1,0);]
Instante de tempo (dT)518
[(0,1,3,37.3,4,-1,0);(1,1,3,47.5,4,-1,0);]
Instante de tempo (dT)519
[(0,1,3,37.2,4,-1,0);(1,1,3,47.4,4,-1,0);]
Instante de tempo (dT)520
[(0,1,3,37.1,4,-1,0);(1,1,3,47.3,4,-1,0);]
Instante de tempo (dT)521
[(0,1,3,37,4,-1,0);(1,1,3,47.2,4,-1,0);]
Instante de tempo (dT)522
[(0,1,3,36.9,4,-1,0);(1,1,3,47.1,4,-1,0);]
Instante de tempo (dT)523
[(0,1,3,36.8,4,-1,0);(1,1,3,47,4,-1,0);]
Instante de tempo (dT)524
[(0,1,3,36.7,4,-1,0);(1,1,3,46.9,4,-1,0);]
Instante de tempo (dT)525
[(0,1,3,36.6,4,-1,0);(1,1,3,46.8,4,-1,0);]
Instante de tempo (dT)526
[(0,1,3,36.5,4,-1,0);(1,1,3,46.7,4,-1,0);]
Instante de tempo (dT)527
[(0,1,3,36.4,4,-1,0);(1,1,3,46.6,4,-1,0);]
Instante de tempo (dT)528
[(0,1,3,36.3,4,-1,0);(1,1,3,46.5,4,-1,0);]
Instante de tempo (dT)529
[(0,1,3,36.2,4,-1,0);(1,1,3,46.4,4,-1,0);]
Instante de tempo (dT)530
[(0,1,3,36.1,4,-1,0);(1,1,3,46.3,4,-1,0);]
Instante de tempo (dT)531
[(0,1,3,36,4,-1,0);(1,1,3,46.2,4,-1,0);]
Instante de tempo (dT)532
[(0,1,3,35.9,4,-1,0);(1,1,3,46.1,4,-1,0);]
Instante de tempo (dT)533
[(0,1,3,35.8,4,-1,0);(1,1,3,46,4,-1,0);]
Instante de tempo (dT)534
[(0,1,3,35.7,4,-1,0);(1,1,3,45.9,4,-1,0);]
Instante de tempo (dT)535
[(0,1,3,35.6,4,-1,0);(1,1,3,45.8,4,-1,0);]
Instante de tempo (dT)536
[(0,1,3,35.5,4,-1,0);(1,1,3,45.7,4,-1,0);]
Instante de tempo (dT)537
[(0,1,3,35.4,4,-1,0);(1,1,3,45.6,4,-1,0);]
Instante de tempo (dT)538
[(0,1,3,35.3,4,-1,0);(1,1,3,45.5,4,-1,0);]
Instante de tempo (dT)539
[(0,1,3,35.2,4,-1,0);(1,1,3,45.4,4,-1,0);]
Instante de tempo (dT)540
[(0,1,3,35.1,4,-1,0);(1,1,3,45.3,4,-1,0);]
Instante de tempo (dT)541
[(0,1,3,35,4,-1,0);(1,1,3,45.2,4,-1,0);]
Instante de tempo (dT)542
[(0,1,3,34.9,4,-1,0);(1,1,3,45.1,4,-1,0);]
Instante de tempo (dT)543
[(0,1,3,34.8,4,-1,0);(1,1,3,45,4,-1,0);]
Instante de tempo (dT)544
[(0,1,3,34.7,4,-1,0);(1,1,3,44.9,4,-1,0);]
Instante de tempo (dT)545
[(0,1,3,34.6,4,-1,0);(1,1,3,44.8,4,-1,0);]
Instante de tempo (dT)546
[(0,1,3,34.5,4,-1,0);(1,1,3,44.7,4,-1,0);]
Instante de tempo (dT)547
[(0,1,3,34.4,4,-1,0);(1,1,3,44.6,4,-1,0);]
Instante de tempo (dT)548
[(0,1,3,34.3,4,-1,0);(1,1,3,44.5,4,-1,0);]
Instante de tempo (dT)549
[(0,1,3,34.2,4,-1,0);(1,1,3,44.4,4,-1,0);]
Instante de tempo (dT)550
[(0,1,3,34.1,4,-1,0);(1,1,3,44.3,4,-1,0);]
Instante de tempo (dT)551
[(0,1,3,34,4,-1,0);(1,1,3,44.2,4,-1,0);]
Instante de tempo (dT)552
[(0,1,3,33.9,4,-1,0);(1,1,3,44.1,4,-1,0);]
Instante de tempo (dT)553
[(0,1,3,33.8,4,-1,0);(1,1,3,44,4,-1,0);]
Instante de tempo (dT)554
[(0,1,3,33.7,4,-1,0);(1,1,3,43.9,4,-1,0);]
Instante de tempo (dT)555
[(0,1,3,33.6,4,-1,0);(1,1,3,43.8,4,-1,0);]
Instante de tempo (dT)556
[(0,1,3,33.5,4,-1,0);(1,1,3,43.7,4,-1,0);]
Instante de tempo (dT)557
[(0,1,3,33.4,4,-1,0);(1,1,3,43.6,4,-1,0);]
Instante de tempo (dT)558
[(0,1,3,33.3,4,-1,0);(1,1,3,43.5,4,-1,0);]
Instante de tempo (dT)559
[(0,1,3,33.2,4,-1,0);(1,1,3,43.4,4,-1,0);]
Instante de tempo (dT)560
[(0,1,3,33.1,4,-1,0);(1,1,3,43.3,4,-1,0);]
Instante de tempo (dT)561
[(0,1,3,33,4,-1,0);(1,1,3,43.2,4,-1,0);]
Instante de tempo (dT)562
[(0,1,3,32.9,4,-1,0);(1,1,3,43.1,4,-1,0);]
Instante de tempo (dT)563
[(0,1,3,32.8,4,-1,0);(1,1,3,43,4,-1,0);]
Instante de tempo (dT)564
[(0,1,3,32.7,4,-1,0);(1,1,3,42.9,4,-1,0);]
Instante de tempo (dT)565
[(0,1,3,32.6,4,-1,0);(1,1,3,42.8,4,-1,0);]
Instante de tempo (dT)566
[(0,1,3,32.5,4,-1,0);(1,1,3,42.7,4,-1,0);]
Instante de tempo (dT)567
[(0,1,3,32.4,4,-1,0);(1,1,3,42.6,4,-1,0);]
Instante de tempo (dT)568
[(0,1,3,32.3,4,-1,0);(1,1,3,42.5,4,-1,0);]
Instante de tempo (dT)569
[(0,1,3,32.2,4,-1,0);(1,1,3,42.4,4,-1,0);]
Instante de tempo (dT)570
[(0,1,3,32.1,4,-1,0);(1,1,3,42.3,4,-1,0);]
Instante de tempo (dT)571
[(0,1,3,32,4,-1,0);(1,1,3,42.2,4,-1,0);]
Instante de tempo (dT)572
[(0,1,3,31.9,4,-1,0);(1,1,3,42.1,4,-1,0);]
Instante de tempo (dT)573
[(0,1,3,31.8,4,-1,0);(1,1,3,42,4,-1,0);]
Instante de tempo (dT)574
[(0,1,3,31.7,4,-1,0);(1,1,3,41.9,4,-1,0);]
Instante de tempo (dT)575
[(0,1,3,31.6,4,-1,0);(1,1,3,41.8,4,-1,0);]
Instante de tempo (dT)576
[(0,1,3,31.5,4,-1,0);(1,1,3,41.7,4,-1,0);]
Instante de tempo (dT)577
[(0,1,3,31.4,4,-1,0);(1,1,3,41.6,4,-1,0);]
